# half_pi = 1.5707963267948966

transform:
  x: 0.150539
  y: 0.001052
  z: 0.119157
  roll: 0.0
  pitch: 1.5707963267948966
  yaw: 0.0
